57616
17592
35740
20022
18918
6515
47576
21464
314
49504
44255
274
12270
18426
47098
15671
21746
15811
55537
55389
13571
34863
28102
37300
23374
9773
45834
43443
13699
32778
48444
27905
39405
31994
35449
2653
39538
31644
55621
49589
33400
48087
37060
5615
24531
29602
13300
40262
19419
22407
59794
59057
22781
58471
44220
7522
51504
20731
40111
23730
18806
2268
48366
59118
10441
52308
3980
20045
43691
7395
46980
31485
11893
29599
59330
15598
18435
30758
2064
57422
7182
19072
23953
38725
41781
38145
16674
31199
34283
36525
14807
22142
38126
2029
26729
12707
20955
8202
41186
55210
46653
53225
13980
36439
38367
19888
40442
22213
10670
15121
33148
38950
20949
47570
7746
34761
34571
57804
2342
44979
45321
48538
31397
58603
40334
11865
4047
38967
41588
12377
17679
59706
43049
1111
47047
55831
5013
20843
25249
43546
39075
7040
40238
55874
40866
17630
40943
45366
32838
7111
31456
20075
57155
51424
45547
55680
20006
49687
51880
2478
59925
8823
35400
6391
6317
32393
18334
33229
52966
610
54534
4053
21797
22954
57184
221
782
32494
41319
43098
19062
6984
6527
7383
18878
50131
7372
7476
13935
38478
17870
23977
49675
29469
40345
46503
52574
54370
3183
43099
32347
28495
59102
30434
55341
19146
39833
15710
4594
8962
52262
25213
13208
31540
14932
10167
30292
5674
53250
41076
6776
27278
40701
13723
25387
20423
21282
56499
41356
53193
17825
8226
5938
10545
35398
42341
5002
48616
118
1854
19457
47245
28034
26256
19308
11119
40804
15161
27192
57256
56795
13757
21523
1990
29060
16911
45716
30104
47456
56140
7129
44887
8425
31547
45015
19132
26316
21805
42922
59318
56646
2559
56001
27174
45604
43889
7978
2153
16063
3893
15841
19827
50977
37370
46923
59844
38208
46018
41661
6787
25298
31325
44838
50220
29722
49477
40492
27564
52048
50522
39573
20750
8455
22065
55737
10024
44971
58043
27397
47389
19956
49412
9202
25218
29632
19089
15577
34808
50562
46310
23015
20072
48681
34695
56340
15994
16476
22842
44730
16490
45098
1075
36609
17507
17455
49243
14003
26233
17753
801
37771
14320
9597
8226
34532
29634
32143
57209
14431
3626
54846
38836
27628
58887
46146
7617
40997
51786
48037
7515
46117
737
6944
9637
24650
19940
11521
54289
10438
40171
35118
52702
25979
40534
45914
6720
31211
37663
4577
39590
51347
58143
33514
10615
25444
5506
15033
46269
26080
48588
16404
13579
40096
13467
49872
59896
55475
32428
12781
56377
53077
56730
5342
13619
39237
10853
13016
20639
14830
7664
41604
25751
300
35102
19849
15766
12979
31771
32602
31761
43788
57370
35274
18208
13870
15842
2671
5217
25586
57012
20552
12579
26353
45120
43146
15230
53589
50219
50311
6967
6167
7353
3965
10934
9052
25427
33921
42194
12527
17364
10177
33662
20745
32536
41904
19963
22195
22549
6632
9889
56236
53022
35725
42694
16032
38542
24758
1802
40481
28033
16730
27517
42091
4849
18084
59100
3990
27005
17890
18074
19225
27349
42790
5577
3000
45881
18213
55348
47812
33784
27582
30
39035
24942
5179
22934
7829
22250
50897
52136
4512
54522
33580
57999
6
17499
44035
33174
46357
6980
48263
25670
51411
47402
12477
28570
29781
1105
46944
52178
27981
1945
3431
11008
1925
55090
17868
24114
30978
6540
11376
14505
44289
47336
32765
58824
29040
25884
46350
21710
56361
28692
27269
36220
49106
13907
37738
12228
38044
12753
20518
46432
29569
14361
42860
46855
4726
29445
52094
21769
42226
24806
45423
55215
39094
46734
17129
3640
36628
56080
48031
49386
3173
9713
1636
45135
23810
8566
3271
34111
3968
34837
14182
56039
29414
2625
26194
1865
9577
9867
9636
21600
28828
53985
31700
43341
15693
51745
11953
5350
24821
13598
57255
25230
37624
12629
41842
8366
57945
39079
44896
59269
30424
38785
19199
33009
8067
42738
52697
34452
23321
14719
48976
29272
23271
56086
20336
52107
11830
50826
37389
46229
21872
9314
23795
9193
52074
21327
47624
11887
49012
54328
20828
3109
49819
25723
34310
59136
19174
16688
21371
29697
38450
42881
25583
20355
3672
22386
53670
40080
56620
58651
5132
45963
26799
37046
55683
34252
57630
6523
25146
12865
51186
39016
27828
56666
18486
58665
56209
53839
41163
3409
4117
37738
27035
21013
10042
6348
41410
5989
17595
28447
53010
3887
20584
210
51431
58339
59181
28704
54516
32421
17650
34597
40747
8175
47896
46883
13524
37808
53754
434
37154
4800
26379
6292
59644
3665
24044
54544
7689
18424
47761
31404
13379
34133
3885
32757
5936
52907
28721
29113
20960
21089
23480
55886
15426
59779
23741
41373
58737
18447
11813
37271
34253
43787
20375
9676
21516
6112
44909
45557
18346
11669
7183
48922
27542
40695
16962
49353
32351
16987
12825
1687
45980
47744
15279
53463
34186
18334
51386
46662
17011
33724
31658
5435
36696
43562
30754
57056
44728
22622
23268
19760
44223
19033
58856
24768
45390
6111
27347
19049
58364
53201
26508
28685
49889
32145
24442
50683
29089
58209
11491
31186
44327
28716
2250
35204
9207
34721
8905
30420
50198
6715
25686
37755
33949
48826
45839
53569
37224
48830
10076
51664
36094
24915
19176
52754
43065
43369
56068
17771
21623
37085
1651
33232
51024
38208
31317
38383
13661
35438
46183
37855
37947
14860
3413
55236
19724
7523
1800
18376
52348
19879
53325
50800
53410
57100
15450
51173
19816
15163
36804
33383
36498
29529
14041
23527
14687
17229
26800
26413
22147
9450
52830
24639
49517
48152
50283
52594
15371
40367
43886
45651
44733
17024
44066
55340
11711
59444
57575
50352
37853
15395
50645
4514
24351
55141
32242
18352
30645
53462
32026
15911
47859
2325
2040
20152
16447
7861
32277
45087
29190
50412
26261
13543
32734
5702
24248
12978
10042
57447
499
32466
18431
58556
43702
63
9529
15490
23804
1759
52811
16673
18573
5664
28446
26391
45384
48015
57691
4717
46134
27084
39128
28829
24662
22151
3268
55806
24820
51857
19078
1096
10933
12914
8356
44247
33466
27531
1580
51242
5040
15635
4654
55430
37081
26232
18655
32103
42792
57232
57450
57955
25265
20074
56113
22123
26840
10551
58099
13944
37154
437
19498
55523
31750
19266
27300
2007
22425
4642
1862
45703
18243
45478
16779
57440
19256
9985
